BOX 2. 4. 16. -9. 0. 0. 1. 0. 0. 0. 1. 0. 0. 0. 1.
BOX 2. 4. 16. -6. 0. 0. 1. 0. 0. 0. 1. 0. 0. 0. 1.
BOX 2. 4. 16. -3. 0. 0. 1. 0. 0. 0. 1. 0. 0. 0. 1.
BOX 2. 4. 16. 0. 0. 0. 1. 0. 0. 0. 1. 0. 0. 0. 1.
BOX 2. 4. 16. 3. 0. 0. 1. 0. 0. 0. 1. 0. 0. 0. 1.
BOX 2. 4. 16. 6. 0. 0. 1. 0. 0. 0. 1. 0. 0. 0. 1.
BOX 2. 4. 16. 9. 0. 0. 1. 0. 0. 0. 1. 0. 0. 0. 1.
BOX 2. 4. 16. -9. 5. 0. 1. 0. 0. 0. 1. 0. 0. 0. 1.
BOX 2. 4. 16. -6. 5. 0. 1. 0. 0. 0. 1. 0. 0. 0. 1.
BOX 2. 4. 16. -3. 5. 0. 1. 0. 0. 0. 1. 0. 0. 0. 1.
BOX 2. 4. 16. 0. 5. 0. 1. 0. 0. 0. 1. 0. 0. 0. 1.
BOX 2. 4. 16. 3. 5. 0. 1. 0. 0. 0. 1. 0. 0. 0. 1.
BOX 2. 4. 16. 6. 5. 0. 1. 0. 0. 0. 1. 0. 0. 0. 1.
BOX 2. 4. 16. 9. 5. 0. 1. 0. 0. 0. 1. 0. 0. 0. 1.
BOX 2. 4. 16. -9. -5. 0. 1. 0. 0. 0. 1. 0. 0. 0. 1.
BOX 2. 4. 16. -6. -5. 0. 1. 0. 0. 0. 1. 0. 0. 0. 1.
BOX 2. 4. 16. -3. -5. 0. 1. 0. 0. 0. 1. 0. 0. 0. 1.
BOX 2. 4. 16. 0. -5. 0. 1. 0. 0. 0. 1. 0. 0. 0. 1.
BOX 2. 4. 16. 3. -5. 0. 1. 0. 0. 0. 1. 0. 0. 0. 1.
BOX 2. 4. 16. 6. -5. 0. 1. 0. 0. 0. 1. 0. 0. 0. 1.
BOX 2. 4. 16. 9. -5. 0. 1. 0. 0. 0. 1. 0. 0. 0. 1.
