0 432000
0.0365301 0.0160149
0.0730603 0.0350103
0.10959 0.00487347
0.146121 0.0275675
0.182651 1.27625
0.219181 0.814944
0.255711 0.385572
0.292241 0.15661
0.328771 0.145131
0.365301 124.943
0.401832 0.424998
0.438362 0.253949
0.474892 1.43698
0.511422 0.469546
0.547952 0.253908
0.584482 0.959231
0.621013 1.31599
0.657543 4.37364
0.694073 3.34119
0.730603 127.798
0.767133 0.209868
0.803663 0.626392
0.840193 1.92867
0.876724 1.04547
0.913254 1.16228
0.949784 2.51449
0.986314 0.525921
1.02284 2.64834
1.05937 2.23677
1.0959 88.0028
1.13243 1.94485
1.16896 0.0722799
1.20549 0.816554
1.24203 1.06921
1.27856 0.325836
1.31509 0.795099
1.35162 1.31998
1.38815 1.21196
1.42468 1.0019
1.46121 94.0389
1.49774 0.153224
1.53427 1.28964
1.5708 0.982958
1.60733 0.0259579
1.64386 1.06102
1.68039 0.199381
1.71692 1.84466
1.75345 0.469947
1.78998 4.0176
1.82651 55.7409
1.86304 1.4054
1.89957 1.69617
1.9361 0.814322
1.97263 0.364477
2.00916 3.94587
2.04569 4.56708
2.08222 0.668811
2.11875 0.433209
2.15528 1.38913
2.19181 93.5411
2.22834 0.23633
2.26487 0.156008
2.3014 0.394318
2.33793 0.246302
2.37446 0.334011
2.41099 3.53859
2.44752 1.01264
2.48405 1.01938
2.52058 1.00687
2.55711 39.5928
2.59364 0.68974
2.63017 1.36002
2.6667 1.31786
2.70323 3.61125
2.73976 1.45851
2.77629 1.29797
2.81282 0.00782067
2.84935 0.562477
2.88588 0.0885886
2.92241 38.9116
2.95894 0.987546
2.99547 0.00831616
