0.01 396248
0.02 302877
0.03 186399
0.04 84757.5
0.05 22071.6
0.06 672.445
0.07 5510.1
0.08 16451.1
0.09 20080.3
0.1 14415.6
0.11 5537.66
0.12 349.456
0.13 1152.08
0.14 5152.14
0.15 7890.3
0.16 7065.79
0.17 3784.31
0.18 867.062
0.19 190.597
0.2 1373.97
0.21 2597.88
0.22 2469.36
0.23 1181.87
0.24 99.4058
0.25 355.417
0.26 1812.13
0.27 3245.4
0.28 3469.16
0.29 2341.33
0.3 804.052
0.31 15.4235
0.32 389.924
0.33 1356.56
0.34 1956.97
0.35 1690.02
0.36 868.558
0.37 246.148
0.38 313.231
0.39 898.624
0.4 1385.02
0.41 1292.6
0.42 695.015
0.43 125.237
0.44 93.5104
0.45 655.81
0.46 1388.56
0.47 1753.87
0.48 1520.28
0.49 896.886
0.5 312.405
0.51 65.1436
0.52 138.845
0.53 297.783
0.54 329.31
0.55 206.908
0.56 57.4653
0.57 5.30962
0.58 57.546
0.59 126.211
0.6 139.83
0.61 120.385
0.62 152.237
0.63 283.608
0.64 464.339
0.65 581.271
0.66 554.672
0.67 403.169
0.68 220.226
0.69 91.593
0.7 34.9394
0.71 13.6791
0.72 0.634316
0.73 20.1559
0.74 123.495
0.75 322.655
0.76 552.051
0.77 702.123
0.78 699.664
0.79 563.323
0.8 384.098
0.81 249.273
0.82 179.449
0.83 134.132
0.84 75.6634
0.85 25.9744
0.86 57.451
0.87 221.933
0.88 482.529
0.89 715.239
0.9 788.133
0.91 657.324
0.92 401.789
0.93 168.085
0.94 68.8107
0.95 113.421
0.96 219.829
0.97 288.771
0.98 276.878
0.99 214.101
1 162.444
1.01 159.305
1.02 193.059
1.03 223.584
1.04 221.319
1.05 188.62
1.06 149.898
1.07 126.877
1.08 124.473
1.09 136.673
1.1 159.774
1.11 195.072
1.12 238.01
1.13 268.824
1.14 260.862
1.15 205.024
1.16 129.244
1.17 91.0926
1.18 142.311
1.19 289.22
1.2 479.833
1.21 630.029
1.22 671.887
1.23 590.99
1.24 428.746
1.25 252.061
1.26 114.589
1.27 35.5094
1.28 4.65886
1.29 2.83906
1.3 18.4394
1.31 49.5087
1.32 94.5431
1.33 143.457
1.34 177.674
1.35 179.567
1.36 144.465
1.37 87.3329
1.38 39.6955
1.39 37.0613
1.4 101.146
1.41 224.534
1.42 366.907
1.43 468.965
1.44 481.142
1.45 393.064
1.46 244.651
1.47 107.761
1.48 45.7857
1.49 75.6673
1.5 158.313
1.51 225.637
1.52 226.589
1.53 159.874
1.54 69.9902
1.55 10.3717
1.56 2.62864
1.57 24.1399
1.58 34.0329
1.59 16.4201
1.6 4.17095
1.61 59.8445
1.62 223.806
1.63 467.848
1.64 693.27
1.65 782.876
1.66 676.985
1.67 422.853
1.68 160.89
1.69 51.2203
1.7 183.386
1.71 523.745
1.72 931.692
1.73 1233.47
1.74 1308.97
1.75 1143.12
1.76 818.782
1.77 464.126
1.78 189.696
1.79 48.8401
1.8 34.151
1.81 100.118
1.82 192.118
1.83 266.83
1.84 300.649
1.85 290.21
1.86 248.928
1.87 199.844
1.88 164.555
1.89 151.956
1.9 154.176
1.91 154.426
1.92 142.557
1.93 126.239
1.94 126.925
1.95 161.371
1.96 222.697
1.97 277.973
1.98 287.753
1.99 234.788
2 139.586
2.01 48.7451
2.02 3.07921
2.03 9.66879
2.04 40.229
2.05 57.6414
2.06 49.1384
2.07 38.0396
2.08 62.7509
2.09 139.206
2.1 238.514
2.11 301.333
2.12 281.304
2.13 184.759
2.14 73.8046
2.15 26.5013
2.16 81.1659
2.17 205.946
2.18 317.845
2.19 339.513
2.2 254.113
2.21 119.373
2.22 30.723
2.23 58.9333
2.24 204.321
2.25 396.713
2.26 538.672
2.27 561.988
2.28 462.142
2.29 293.169
2.3 131.577
2.31 34.7577
2.32 17.6923
2.33 56.4574
2.34 110.189
2.35 145.234
2.36 148.5
2.37 126.504
2.38 95.1536
2.39 68.5236
2.4 52.7645
2.41 46.6631
2.42 46.2398
2.43 49.1231
2.44 55.5975
2.45 66.2002
2.46 78.5786
2.47 87.0212
2.48 85.9134
2.49 74.7995
2.5 60.6335
2.51 54.3234
2.52 63.1183
2.53 84.3226
2.54 105.691
2.55 113.135
2.56 100.503
2.57 74.0512
2.58 47.9404
2.59 34.0792
2.6 34.2413
2.61 40.6668
2.62 44.4829
2.63 44.7752
2.64 50.4427
2.65 72.8072
2.66 114.651
2.67 164.61
2.68 201.948
2.69 208.743
2.7 180.853
2.71 129.978
2.72 75.8919
2.73 34.8824
2.74 12.4176
2.75 4.01588
2.76 1.88715
2.77 1.31085
2.78 2.23575
2.79 6.27663
2.8 12.9471
2.81 18.8285
2.82 20.1394
2.83 16.0078
2.84 9.33936
2.85 4.53808
2.86 4.13492
2.87 7.16188
2.88 10.4165
2.89 11.2765
2.9 9.61682
2.91 7.41805
2.92 6.72412
2.93 7.86236
2.94 9.35713
2.95 9.37604
2.96 7.31352
2.97 4.20123
2.98 1.77255
2.99 1.10966
3 1.9803
3.01 3.24242
3.02 3.8071
3.03 3.33893
3.04 2.26095
3.05 1.25455
3.06 0.755237
3.07 0.786981
3.08 1.11231
3.09 1.46104
3.1 1.6561
3.11 1.62976
3.12 1.411
3.13 1.11692
3.14 0.909596
3.15 0.895571
3.16 1.02942
3.17 1.12221
3.18 0.982033
3.19 0.588754
3.2 0.154885
3.21 0.00938689
3.22 0.387376
3.23 1.28418
3.24 2.47244
3.25 3.64697
3.26 4.57493
3.27 5.15326
3.28 5.37206
3.29 5.25562
3.3 4.84691
3.31 4.23893
3.32 3.60351
3.33 3.16591
3.34 3.11429
3.35 3.48162
3.36 4.06782
3.37 4.47072
3.38 4.2578
3.39 3.23414
3.4 1.67448
3.41 0.352573
3.42 0.278373
3.43 2.22769
3.44 6.30768
3.45 11.8142
3.46 17.4697
3.47 21.8986
3.48 24.0781
3.49 23.5802
3.5 20.6012
3.51 15.8778
3.52 10.5405
3.53 5.84742
3.54 2.76495
3.55 1.55669
3.56 1.70521
3.57 2.38028
3.58 3.2409
3.59 4.9472
3.6 8.80221
3.61 15.5659
3.62 24.2649
3.63 32.0624
3.64 35.5963
3.65 33.0288
3.66 25.3309
3.67 15.7458
3.68 7.7477
3.69 3.04672
3.7 1.19284
3.71 0.986093
3.72 2.28676
3.73 6.38339
3.74 14.3482
3.75 24.8045
3.76 33.4628
3.77 35.5971
3.78 30.0668
3.79 21.6525
3.8 19.1597
3.81 29.784
3.82 53.4091
3.83 81.1858
3.84 100.054
3.85 100.594
3.86 82.9552
3.87 56.7035
3.88 34.6641
3.89 25.0192
3.9 27.0381
3.91 33.0306
3.92 34.6219
3.93 28.6135
3.94 18.464
3.95 10.9408
3.96 10.9086
3.97 18.078
3.98 27.5676
3.99 33.249
4 31.3066
4.01 22.0681
4.02 9.85182
4.03 1.65421
4.04 5.27106
4.05 26.7454
4.06 67.1528
4.07 119.93
4.08 170.994
4.09 203.193
4.1 203.954
4.11 172.138
4.12 119.51
4.13 65.1288
4.14 25.5787
4.15 7.02546
4.16 4.10034
4.17 5.94853
4.18 4.83027
4.19 1.06924
4.2 1.12452
4.21 10.8254
4.22 29.3423
4.23 48.6488
4.24 58.8394
4.25 55.1728
4.26 41.5302
4.27 27.8113
4.28 23.3018
4.29 30.7733
4.3 45.1944
4.31 57.4421
4.32 60.0662
4.33 51.2781
4.34 35.0879
4.35 18.2326
4.36 6.25563
4.37 1.01935
4.38 0.648321
4.39 1.52036
4.4 1.09008
4.41 0.0611169
4.42 2.59906
4.43 14.0196
4.44 36.779
4.45 67.0898
4.46 94.8845
4.47 108.241
4.48 100.29
4.49 74.1859
4.5 42.1827
4.51 18.6063
4.52 11.0965
4.53 16.3495
4.54 23.7121
4.55 24.1264
4.56 17.54
4.57 12.7483
4.58 19.4868
4.59 39.018
4.6 61.1517
4.61 70.8329
4.62 59.6658
4.63 33.2851
4.64 8.24856
4.65 0.25745
4.66 12.5889
4.67 33.8058
4.68 46.6715
4.69 41.3371
4.7 22.446
4.71 4.69269
4.72 0.672299
4.73 11.0078
4.74 24.706
4.75 29.1574
4.76 21.218
4.77 9.99902
4.78 9.00737
4.79 24.2745
4.8 48.5613
4.81 66.7255
4.82 68.0067
4.83 55.0735
4.84 42.1513
4.85 43.4323
4.86 61.0152
4.87 82.2311
4.88 88.8724
4.89 71.4336
4.9 37.4953
4.91 7.86053
4.92 3.29493
4.93 31.4599
4.94 82.9021
4.95 137.855
4.96 177.975
4.97 194.707
4.98 189.839
4.99 170.207
