0.01 417966
0.02 378043
0.03 318321
0.04 247538
0.05 175333
0.06 110411
0.07 59042.7
0.08 24214.2
0.09 5559.71
0.1 13.2214
0.11 2945.94
0.12 9459.96
0.13 15509.5
0.14 18605.8
0.15 18000.4
0.16 14394.5
0.17 9335.24
0.18 4523.15
0.19 1236.37
0.2 12.4955
0.21 628.429
0.22 2324.49
0.23 4155.88
0.24 5336.68
0.25 5467.83
0.26 4596.46
0.27 3117.03
0.28 1574.15
0.29 449.301
0.3 5.32119
0.31 231.437
0.32 890.958
0.33 1638.93
0.34 2158.42
0.35 2265.65
0.36 1952.78
0.37 1362.94
0.38 716.747
0.39 222.965
0.4 7.06301
0.41 79.7229
0.42 350.393
0.43 674.354
0.44 911.748
0.45 975.994
0.46 856.121
0.47 609.04
0.48 328.989
0.49 108.414
0.5 5.4411
0.51 28.4933
0.52 140.916
0.53 280.902
0.54 387.265
0.55 420.963
0.56 375.348
0.57 273.24
0.58 153.971
0.59 56.6425
0.6 6.22602
0.61 7.05426
0.62 44.8261
0.63 94.992
0.64 133.405
0.65 144.977
0.66 127.526
0.67 90.2173
0.68 48.1216
0.69 15.5538
0.7 0.881455
0.71 4.46775
0.72 19.9652
0.73 37.8877
0.74 49.7219
0.75 50.9399
0.76 41.978
0.77 27.1748
0.78 12.4337
0.79 2.71868
0.8 0.354427
0.81 4.62134
0.82 12.5567
0.83 20.4348
0.84 25.2425
0.85 25.6046
0.86 21.9244
0.87 15.8555
0.88 9.44205
0.89 4.32298
0.9 1.27898
0.91 0.207757
0.92 0.427132
0.93 1.10352
0.94 1.60577
0.95 1.66721
0.96 1.34838
0.97 0.877977
0.98 0.478694
0.99 0.259989
1 0.204897
1.01 0.225669
1.02 0.237028
1.03 0.202228
1.04 0.134896
1.05 0.0695937
1.06 0.0296033
1.07 0.015716
1.08 0.0210466
1.09 0.0571195
1.1 0.167926
1.11 0.415986
1.12 0.842835
1.13 1.42477
1.14 2.05201
1.15 2.55072
1.16 2.74638
1.17 2.54411
1.18 1.98897
1.19 1.27375
1.2 0.683128
1.21 0.491041
1.22 0.850888
1.23 1.72432
1.24 2.88069
1.25 3.97106
1.26 4.65017
1.27 4.69946
1.28 4.10366
1.29 3.05174
1.3 1.86372
1.31 0.8733
1.32 0.312973
1.33 0.244839
1.34 0.56021
1.35 1.04271
1.36 1.46488
1.37 1.6772
1.38 1.65481
1.39 1.48705
1.4 1.31973
1.41 1.27872
1.42 1.40942
1.43 1.65722
1.44 1.89522
1.45 1.9846
1.46 1.83983
1.47 1.46978
1.48 0.977307
1.49 0.518119
1.5 0.236908
1.51 0.208123
1.52 0.406157
1.53 0.717148
1.54 0.987249
1.55 1.08737
1.56 0.967988
1.57 0.681819
1.58 0.365232
1.59 0.185482
1.6 0.274145
1.61 0.672266
1.62 1.3081
1.63 2.01602
1.64 2.58993
1.65 2.85226
1.66 2.71438
1.67 2.20777
1.68 1.47594
1.69 0.730569
1.7 0.187054
1.71 0.000646914
1.72 0.223054
1.73 0.791681
1.74 1.55269
1.75 2.30861
1.76 2.87447
1.77 3.12549
1.78 3.02348
1.79 2.61682
1.8 2.01718
1.81 1.36258
1.82 0.778916
1.83 0.350969
1.84 0.109378
1.85 0.0346506
1.86 0.0740521
1.87 0.164275
1.88 0.252295
1.89 0.30867
1.9 0.330767
1.91 0.336802
1.92 0.354181
1.93 0.4067
1.94 0.504825
1.95 0.641653
1.96 0.795159
1.97 0.935411
1.98 1.03416
1.99 1.07386
2 1.05356
2.01 0.990173
2.02 0.914735
2.03 0.864728
2.04 0.874235
2.05 0.964316
2.06 1.136
2.07 1.3678
2.08 1.61862
2.09 1.83604
2.1 1.9682
2.11 1.97678
2.12 1.84784
2.13 1.59743
2.14 1.26992
2.15 0.928894
2.16 0.642185
2.17 0.464767
2.18 0.424083
2.19 0.512136
2.2 0.687138
2.21 0.884907
2.22 1.03733
2.23 1.09285
2.24 1.03296
2.25 0.879455
2.26 0.689701
2.27 0.540668
2.28 0.505946
2.29 0.632413
2.3 0.923646
2.31 1.33542
2.32 1.78515
2.33 2.17299
2.34 2.40848
2.35 2.43504
2.36 2.24491
2.37 1.88021
2.38 1.41979
2.39 0.956208
2.4 0.570012
2.41 0.309231
2.42 0.180248
2.43 0.152319
2.44 0.173547
2.45 0.192405
2.46 0.177222
2.47 0.126967
2.48 0.069797
2.49 0.0502143
2.5 0.10963
2.51 0.267476
2.52 0.509807
2.53 0.789706
2.54 1.03975
2.55 1.1925
2.56 1.20229
2.57 1.06092
2.58 0.802027
2.59 0.492537
2.6 0.214009
2.61 0.0398159
2.62 0.0154146
2.63 0.147679
2.64 0.406142
2.65 0.735025
2.66 1.0715
2.67 1.364
2.68 1.58472
2.69 1.73294
2.7 1.82906
2.71 1.9023
2.72 1.97699
2.73 2.06223
2.74 2.14821
2.75 2.20993
2.76 2.21632
2.77 2.14136
2.78 1.97344
2.79 1.7201
2.8 1.40739
2.81 1.07457
2.82 0.766389
2.83 0.525028
2.84 0.383611
2.85 0.361831
2.86 0.463589
2.87 0.676122
2.88 0.970375
2.89 1.30293
2.9 1.62021
2.91 1.86569
2.92 1.98976
2.93 1.96097
2.94 1.77574
2.95 1.46341
2.96 1.08384
2.97 0.716666
2.98 0.443802
2.99 0.32915
