0 432000
0.01 335525
0.02 142918
0.03 18459.6
0.04 3143.61
0.05 19635
0.06 13241.1
0.07 820.381
0.08 2875.72
0.09 7141.83
0.1 3174.71
0.11 5.57573
0.12 2486
0.13 3377.47
0.14 766.551
0.15 277.638
0.16 1984.99
0.17 1583.04
0.18 80.6635
0.19 631.689
0.2 1593.79
0.21 753.934
0.22 3.06914
0.23 730.849
0.24 1033.8
0.25 234.034
0.26 114.402
0.27 774.939
0.28 635.621
0.29 33.0488
0.3 289.917
0.31 754.508
0.32 373.577
0.33 5.55477
0.34 472.253
0.35 831.019
0.36 409.363
0.37 11.9158
0.38 98.7708
0.39 129.507
0.4 3.99944
0.41 113.803
0.42 256.625
0.43 105.332
0.44 7.09965
0.45 189.446
0.46 240.519
0.47 48.6375
0.48 32.5532
0.49 189.056
0.5 141.212
0.51 3.42725
0.52 84.9177
0.53 180.5
0.54 65.9939
0.55 8.47511
0.56 134.916
0.57 145.314
0.58 15.2391
0.59 53.3902
0.6 186.841
0.61 118.572
0.62 1.96484
0.63 98.8191
0.64 191.567
0.65 71.9358
0.66 6.45038
0.67 139.597
0.68 170.863
0.69 27.3709
0.7 49.85
0.71 272.007
0.72 322.921
0.73 133.96
0.74 4.6287
0.75 18.667
0.76 20.223
0.77 1.88829
0.78 32.3907
0.79 44.0986
0.8 6.54796
0.81 13.5862
0.82 56.4856
0.83 37.0868
0.84 0.100263
0.85 33.5911
0.86 63.9565
0.87 23.0745
0.88 2.8284
0.89 43.6055
0.9 46.4946
0.91 4.77641
0.92 15.8283
0.93 52.1796
0.94 26.9183
0.95 0.68676
0.96 44.6253
0.97 69.6311
0.98 21.3929
0.99 4.34529
1 49.5289
1.01 48.727
1.02 3.54227
1.03 22.8755
1.04 69.976
1.05 37.4492
1.06 1.09531
1.07 81.2086
1.08 180.327
1.09 148.177
1.1 44.3603
1.11 0.738339
1.12 6.52862
1.13 2.73654
1.14 2.79162
1.15 14.1582
1.16 8.91153
1.17 2.2677
1.18 19.4281
1.19 26.708
1.2 6.62386
1.21 4.53157
1.22 26.5414
1.23 22.7569
1.24 1.83592
1.25 13.2497
1.26 32.8291
1.27 15.8328
1.28 1.17201
1.29 26.3937
1.3 41.1692
1.31 16.0978
1.32 5.06544
1.33 24.3849
1.34 22.4759
1.35 2.75213
1.36 14.99
1.37 35.8539
1.38 17.7116
1.39 0.661449
1.4 26.9305
1.41 40.8694
1.42 9.24337
1.43 11.6605
1.44 89.6659
1.45 148.786
1.46 113.32
1.47 40.0237
1.48 4.31586
1.49 0.540066
1.5 0.0444079
1.51 1.51134
1.52 3.63331
1.53 1.94834
1.54 4.6206
1.55 10.5796
1.56 6.55772
1.57 0.0207524
1.58 6.15295
1.59 11.9007
1.6 4.08742
1.61 0.817988
1.62 10.389
1.63 10.7674
1.64 0.918416
1.65 6.08683
1.66 19.3081
1.67 12.9418
1.68 0.288539
1.69 8.18101
1.7 17.9587
1.71 7.28727
1.72 0.600773
1.73 13.998
1.74 17.7594
1.75 3.14293
1.76 4.12392
1.77 20.8059
1.78 15.5018
1.79 0.355725
1.8 26.4172
1.81 80.8481
1.82 95.9575
1.83 57.8564
1.84 17.1944
1.85 3.35418
1.86 1.95005
1.87 0.678634
1.88 1.14438
1.89 1.63219
1.9 0.779689
1.91 1.5067
1.92 1.88309
1.93 0.151906
1.94 1.61257
1.95 5.53398
1.96 3.87903
1.97 0.367753
1.98 4.47203
1.99 9.16974
