BOX 2.0 4.0 18.0 -50.0 -50.0 -50.0 1. 0. 0. 0. 1. 0. 0. 0. 1.
BOX 2.0 4.0 18.0 -50.0 -45.5 -50.0 1. 0. 0. 0. 1. 0. 0. 0. 1.
BOX 2.0 4.0 18.0 -50.0 -41.0 -50.0 1. 0. 0. 0. 1. 0. 0. 0. 1.
BOX 2.0 4.0 18.0 -50.0 -36.5 -50.0 1. 0. 0. 0. 1. 0. 0. 0. 1.
BOX 2.0 4.0 18.0 -50.0 -32.0 -50.0 1. 0. 0. 0. 1. 0. 0. 0. 1.
BOX 2.0 4.0 18.0 -50.0 -27.5 -50.0 1. 0. 0. 0. 1. 0. 0. 0. 1.
BOX 2.0 4.0 18.0 -50.0 -23.0 -50.0 1. 0. 0. 0. 1. 0. 0. 0. 1.
BOX 2.0 4.0 18.0 -50.0 -18.5 -50.0 1. 0. 0. 0. 1. 0. 0. 0. 1.
BOX 2.0 4.0 18.0 -50.0 -14.0 -50.0 1. 0. 0. 0. 1. 0. 0. 0. 1.
BOX 2.0 4.0 18.0 -50.0 -9.5 -50.0 1. 0. 0. 0. 1. 0. 0. 0. 1.
BOX 2.0 4.0 18.0 -50.0 -5.0 -50.0 1. 0. 0. 0. 1. 0. 0. 0. 1.
BOX 2.0 4.0 18.0 -50.0 -0.5 -50.0 1. 0. 0. 0. 1. 0. 0. 0. 1.
BOX 2.0 4.0 18.0 -50.0 4.0 -50.0 1. 0. 0. 0. 1. 0. 0. 0. 1.
BOX 2.0 4.0 18.0 -50.0 8.5 -50.0 1. 0. 0. 0. 1. 0. 0. 0. 1.
BOX 2.0 4.0 18.0 -50.0 13.0 -50.0 1. 0. 0. 0. 1. 0. 0. 0. 1.
BOX 2.0 4.0 18.0 -50.0 17.5 -50.0 1. 0. 0. 0. 1. 0. 0. 0. 1.
BOX 2.0 4.0 18.0 -50.0 22.0 -50.0 1. 0. 0. 0. 1. 0. 0. 0. 1.
BOX 2.0 4.0 18.0 -50.0 26.5 -50.0 1. 0. 0. 0. 1. 0. 0. 0. 1.
BOX 2.0 4.0 18.0 -50.0 31.0 -50.0 1. 0. 0. 0. 1. 0. 0. 0. 1.
BOX 2.0 4.0 18.0 -50.0 35.5 -50.0 1. 0. 0. 0. 1. 0. 0. 0. 1.
BOX 2.0 4.0 18.0 -50.0 40.0 -50.0 1. 0. 0. 0. 1. 0. 0. 0. 1.
BOX 2.0 4.0 18.0 -50.0 44.5 -50.0 1. 0. 0. 0. 1. 0. 0. 0. 1.
BOX 2.0 4.0 18.0 -50.0 49.0 -50.0 1. 0. 0. 0. 1. 0. 0. 0. 1.
BOX 2.0 4.0 18.0 -50.0 53.5 -50.0 1. 0. 0. 0. 1. 0. 0. 0. 1.
BOX 2.0 4.0 18.0 -50.0 58.0 -50.0 1. 0. 0. 0. 1. 0. 0. 0. 1.
BOX 2.0 4.0 18.0 -50.0 62.5 -50.0 1. 0. 0. 0. 1. 0. 0. 0. 1.
BOX 2.0 4.0 18.0 -50.0 67.0 -50.0 1. 0. 0. 0. 1. 0. 0. 0. 1.
BOX 2.0 4.0 18.0 -50.0 71.5 -50.0 1. 0. 0. 0. 1. 0. 0. 0. 1.
BOX 2.0 4.0 18.0 -50.0 76.0 -50.0 1. 0. 0. 0. 1. 0. 0. 0. 1.
BOX 2.0 4.0 18.0 -50.0 80.5 -50.0 1. 0. 0. 0. 1. 0. 0. 0. 1.
BOX 2.0 4.0 18.0 -50.0 -50.0 -32.8 1. 0. 0. 0. 1. 0. 0. 0. 1.
BOX 2.0 4.0 18.0 -50.0 -45.5 -32.8 1. 0. 0. 0. 1. 0. 0. 0. 1.
BOX 2.0 4.0 18.0 -50.0 -41.0 -32.8 1. 0. 0. 0. 1. 0. 0. 0. 1.
BOX 2.0 4.0 18.0 -50.0 -36.5 -32.8 1. 0. 0. 0. 1. 0. 0. 0. 1.
BOX 2.0 4.0 18.0 -50.0 -32.0 -32.8 1. 0. 0. 0. 1. 0. 0. 0. 1.
BOX 2.0 4.0 18.0 -50.0 -27.5 -32.8 1. 0. 0. 0. 1. 0. 0. 0. 1.
BOX 2.0 4.0 18.0 -50.0 -23.0 -32.8 1. 0. 0. 0. 1. 0. 0. 0. 1.
BOX 2.0 4.0 18.0 -50.0 -18.5 -32.8 1. 0. 0. 0. 1. 0. 0. 0. 1.
BOX 2.0 4.0 18.0 -50.0 -14.0 -32.8 1. 0. 0. 0. 1. 0. 0. 0. 1.
BOX 2.0 4.0 18.0 -50.0 -9.5 -32.8 1. 0. 0. 0. 1. 0. 0. 0. 1.
BOX 2.0 4.0 18.0 -50.0 -5.0 -32.8 1. 0. 0. 0. 1. 0. 0. 0. 1.
BOX 2.0 4.0 18.0 -50.0 -0.5 -32.8 1. 0. 0. 0. 1. 0. 0. 0. 1.
BOX 2.0 4.0 18.0 -50.0 4.0 -32.8 1. 0. 0. 0. 1. 0. 0. 0. 1.
BOX 2.0 4.0 18.0 -50.0 8.5 -32.8 1. 0. 0. 0. 1. 0. 0. 0. 1.
BOX 2.0 4.0 18.0 -50.0 13.0 -32.8 1. 0. 0. 0. 1. 0. 0. 0. 1.
BOX 2.0 4.0 18.0 -50.0 17.5 -32.8 1. 0. 0. 0. 1. 0. 0. 0. 1.
BOX 2.0 4.0 18.0 -50.0 22.0 -32.8 1. 0. 0. 0. 1. 0. 0. 0. 1.
BOX 2.0 4.0 18.0 -50.0 26.5 -32.8 1. 0. 0. 0. 1. 0. 0. 0. 1.
BOX 2.0 4.0 18.0 -50.0 31.0 -32.8 1. 0. 0. 0. 1. 0. 0. 0. 1.
BOX 2.0 4.0 18.0 -50.0 35.5 -32.8 1. 0. 0. 0. 1. 0. 0. 0. 1.
BOX 2.0 4.0 18.0 -50.0 40.0 -32.8 1. 0. 0. 0. 1. 0. 0. 0. 1.
BOX 2.0 4.0 18.0 -50.0 44.5 -32.8 1. 0. 0. 0. 1. 0. 0. 0. 1.
BOX 2.0 4.0 18.0 -50.0 49.0 -32.8 1. 0. 0. 0. 1. 0. 0. 0. 1.
BOX 2.0 4.0 18.0 -50.0 53.5 -32.8 1. 0. 0. 0. 1. 0. 0. 0. 1.
BOX 2.0 4.0 18.0 -50.0 58.0 -32.8 1. 0. 0. 0. 1. 0. 0. 0. 1.
BOX 2.0 4.0 18.0 -50.0 62.5 -32.8 1. 0. 0. 0. 1. 0. 0. 0. 1.
BOX 2.0 4.0 18.0 -50.0 67.0 -32.8 1. 0. 0. 0. 1. 0. 0. 0. 1.
BOX 2.0 4.0 18.0 -50.0 71.5 -32.8 1. 0. 0. 0. 1. 0. 0. 0. 1.
BOX 2.0 4.0 18.0 -50.0 76.0 -32.8 1. 0. 0. 0. 1. 0. 0. 0. 1.
BOX 2.0 4.0 18.0 -50.0 80.5 -32.8 1. 0. 0. 0. 1. 0. 0. 0. 1.
BOX 2.0 4.0 18.0 -50.0 -50.0 -15.600000000000001 1. 0. 0. 0. 1. 0. 0. 0. 1.
BOX 2.0 4.0 18.0 -50.0 -45.5 -15.600000000000001 1. 0. 0. 0. 1. 0. 0. 0. 1.
BOX 2.0 4.0 18.0 -50.0 -41.0 -15.600000000000001 1. 0. 0. 0. 1. 0. 0. 0. 1.
BOX 2.0 4.0 18.0 -50.0 -36.5 -15.600000000000001 1. 0. 0. 0. 1. 0. 0. 0. 1.
BOX 2.0 4.0 18.0 -50.0 -32.0 -15.600000000000001 1. 0. 0. 0. 1. 0. 0. 0. 1.
BOX 2.0 4.0 18.0 -50.0 -27.5 -15.600000000000001 1. 0. 0. 0. 1. 0. 0. 0. 1.
BOX 2.0 4.0 18.0 -50.0 -23.0 -15.600000000000001 1. 0. 0. 0. 1. 0. 0. 0. 1.
BOX 2.0 4.0 18.0 -50.0 -18.5 -15.600000000000001 1. 0. 0. 0. 1. 0. 0. 0. 1.
BOX 2.0 4.0 18.0 -50.0 -14.0 -15.600000000000001 1. 0. 0. 0. 1. 0. 0. 0. 1.
BOX 2.0 4.0 18.0 -50.0 -9.5 -15.600000000000001 1. 0. 0. 0. 1. 0. 0. 0. 1.
BOX 2.0 4.0 18.0 -50.0 -5.0 -15.600000000000001 1. 0. 0. 0. 1. 0. 0. 0. 1.
BOX 2.0 4.0 18.0 -50.0 -0.5 -15.600000000000001 1. 0. 0. 0. 1. 0. 0. 0. 1.
BOX 2.0 4.0 18.0 -50.0 4.0 -15.600000000000001 1. 0. 0. 0. 1. 0. 0. 0. 1.
BOX 2.0 4.0 18.0 -50.0 8.5 -15.600000000000001 1. 0. 0. 0. 1. 0. 0. 0. 1.
BOX 2.0 4.0 18.0 -50.0 13.0 -15.600000000000001 1. 0. 0. 0. 1. 0. 0. 0. 1.
BOX 2.0 4.0 18.0 -50.0 17.5 -15.600000000000001 1. 0. 0. 0. 1. 0. 0. 0. 1.
BOX 2.0 4.0 18.0 -50.0 22.0 -15.600000000000001 1. 0. 0. 0. 1. 0. 0. 0. 1.
BOX 2.0 4.0 18.0 -50.0 26.5 -15.600000000000001 1. 0. 0. 0. 1. 0. 0. 0. 1.
BOX 2.0 4.0 18.0 -50.0 31.0 -15.600000000000001 1. 0. 0. 0. 1. 0. 0. 0. 1.
BOX 2.0 4.0 18.0 -50.0 35.5 -15.600000000000001 1. 0. 0. 0. 1. 0. 0. 0. 1.
BOX 2.0 4.0 18.0 -50.0 40.0 -15.600000000000001 1. 0. 0. 0. 1. 0. 0. 0. 1.
BOX 2.0 4.0 18.0 -50.0 44.5 -15.600000000000001 1. 0. 0. 0. 1. 0. 0. 0. 1.
BOX 2.0 4.0 18.0 -50.0 49.0 -15.600000000000001 1. 0. 0. 0. 1. 0. 0. 0. 1.
BOX 2.0 4.0 18.0 -50.0 53.5 -15.600000000000001 1. 0. 0. 0. 1. 0. 0. 0. 1.
BOX 2.0 4.0 18.0 -50.0 58.0 -15.600000000000001 1. 0. 0. 0. 1. 0. 0. 0. 1.
BOX 2.0 4.0 18.0 -50.0 62.5 -15.600000000000001 1. 0. 0. 0. 1. 0. 0. 0. 1.
BOX 2.0 4.0 18.0 -50.0 67.0 -15.600000000000001 1. 0. 0. 0. 1. 0. 0. 0. 1.
BOX 2.0 4.0 18.0 -50.0 71.5 -15.600000000000001 1. 0. 0. 0. 1. 0. 0. 0. 1.
BOX 2.0 4.0 18.0 -50.0 76.0 -15.600000000000001 1. 0. 0. 0. 1. 0. 0. 0. 1.
BOX 2.0 4.0 18.0 -50.0 80.5 -15.600000000000001 1. 0. 0. 0. 1. 0. 0. 0. 1.
BOX 2.0 4.0 18.0 -50.0 -50.0 1.5999999999999943 1. 0. 0. 0. 1. 0. 0. 0. 1.
BOX 2.0 4.0 18.0 -50.0 -45.5 1.5999999999999943 1. 0. 0. 0. 1. 0. 0. 0. 1.
BOX 2.0 4.0 18.0 -50.0 -41.0 1.5999999999999943 1. 0. 0. 0. 1. 0. 0. 0. 1.
BOX 2.0 4.0 18.0 -50.0 -36.5 1.5999999999999943 1. 0. 0. 0. 1. 0. 0. 0. 1.
BOX 2.0 4.0 18.0 -50.0 -32.0 1.5999999999999943 1. 0. 0. 0. 1. 0. 0. 0. 1.
BOX 2.0 4.0 18.0 -50.0 -27.5 1.5999999999999943 1. 0. 0. 0. 1. 0. 0. 0. 1.
BOX 2.0 4.0 18.0 -50.0 -23.0 1.5999999999999943 1. 0. 0. 0. 1. 0. 0. 0. 1.
BOX 2.0 4.0 18.0 -50.0 -18.5 1.5999999999999943 1. 0. 0. 0. 1. 0. 0. 0. 1.
BOX 2.0 4.0 18.0 -50.0 -14.0 1.5999999999999943 1. 0. 0. 0. 1. 0. 0. 0. 1.
BOX 2.0 4.0 18.0 -50.0 -9.5 1.5999999999999943 1. 0. 0. 0. 1. 0. 0. 0. 1.
BOX 2.0 4.0 18.0 -50.0 -5.0 1.5999999999999943 1. 0. 0. 0. 1. 0. 0. 0. 1.
BOX 2.0 4.0 18.0 -50.0 -0.5 1.5999999999999943 1. 0. 0. 0. 1. 0. 0. 0. 1.
BOX 2.0 4.0 18.0 -50.0 4.0 1.5999999999999943 1. 0. 0. 0. 1. 0. 0. 0. 1.
BOX 2.0 4.0 18.0 -50.0 8.5 1.5999999999999943 1. 0. 0. 0. 1. 0. 0. 0. 1.
BOX 2.0 4.0 18.0 -50.0 13.0 1.5999999999999943 1. 0. 0. 0. 1. 0. 0. 0. 1.
BOX 2.0 4.0 18.0 -50.0 17.5 1.5999999999999943 1. 0. 0. 0. 1. 0. 0. 0. 1.
BOX 2.0 4.0 18.0 -50.0 22.0 1.5999999999999943 1. 0. 0. 0. 1. 0. 0. 0. 1.
BOX 2.0 4.0 18.0 -50.0 26.5 1.5999999999999943 1. 0. 0. 0. 1. 0. 0. 0. 1.
BOX 2.0 4.0 18.0 -50.0 31.0 1.5999999999999943 1. 0. 0. 0. 1. 0. 0. 0. 1.
BOX 2.0 4.0 18.0 -50.0 35.5 1.5999999999999943 1. 0. 0. 0. 1. 0. 0. 0. 1.
BOX 2.0 4.0 18.0 -50.0 40.0 1.5999999999999943 1. 0. 0. 0. 1. 0. 0. 0. 1.
BOX 2.0 4.0 18.0 -50.0 44.5 1.5999999999999943 1. 0. 0. 0. 1. 0. 0. 0. 1.
BOX 2.0 4.0 18.0 -50.0 49.0 1.5999999999999943 1. 0. 0. 0. 1. 0. 0. 0. 1.
BOX 2.0 4.0 18.0 -50.0 53.5 1.5999999999999943 1. 0. 0. 0. 1. 0. 0. 0. 1.
BOX 2.0 4.0 18.0 -50.0 58.0 1.5999999999999943 1. 0. 0. 0. 1. 0. 0. 0. 1.
BOX 2.0 4.0 18.0 -50.0 62.5 1.5999999999999943 1. 0. 0. 0. 1. 0. 0. 0. 1.
BOX 2.0 4.0 18.0 -50.0 67.0 1.5999999999999943 1. 0. 0. 0. 1. 0. 0. 0. 1.
BOX 2.0 4.0 18.0 -50.0 71.5 1.5999999999999943 1. 0. 0. 0. 1. 0. 0. 0. 1.
BOX 2.0 4.0 18.0 -50.0 76.0 1.5999999999999943 1. 0. 0. 0. 1. 0. 0. 0. 1.
BOX 2.0 4.0 18.0 -50.0 80.5 1.5999999999999943 1. 0. 0. 0. 1. 0. 0. 0. 1.
BOX 2.0 4.0 18.0 -50.0 -50.0 18.799999999999997 1. 0. 0. 0. 1. 0. 0. 0. 1.
BOX 2.0 4.0 18.0 -50.0 -45.5 18.799999999999997 1. 0. 0. 0. 1. 0. 0. 0. 1.
BOX 2.0 4.0 18.0 -50.0 -41.0 18.799999999999997 1. 0. 0. 0. 1. 0. 0. 0. 1.
BOX 2.0 4.0 18.0 -50.0 -36.5 18.799999999999997 1. 0. 0. 0. 1. 0. 0. 0. 1.
BOX 2.0 4.0 18.0 -50.0 -32.0 18.799999999999997 1. 0. 0. 0. 1. 0. 0. 0. 1.
BOX 2.0 4.0 18.0 -50.0 -27.5 18.799999999999997 1. 0. 0. 0. 1. 0. 0. 0. 1.
BOX 2.0 4.0 18.0 -50.0 -23.0 18.799999999999997 1. 0. 0. 0. 1. 0. 0. 0. 1.
BOX 2.0 4.0 18.0 -50.0 -18.5 18.799999999999997 1. 0. 0. 0. 1. 0. 0. 0. 1.
BOX 2.0 4.0 18.0 -50.0 -14.0 18.799999999999997 1. 0. 0. 0. 1. 0. 0. 0. 1.
BOX 2.0 4.0 18.0 -50.0 -9.5 18.799999999999997 1. 0. 0. 0. 1. 0. 0. 0. 1.
BOX 2.0 4.0 18.0 -50.0 -5.0 18.799999999999997 1. 0. 0. 0. 1. 0. 0. 0. 1.
BOX 2.0 4.0 18.0 -50.0 -0.5 18.799999999999997 1. 0. 0. 0. 1. 0. 0. 0. 1.
BOX 2.0 4.0 18.0 -50.0 4.0 18.799999999999997 1. 0. 0. 0. 1. 0. 0. 0. 1.
BOX 2.0 4.0 18.0 -50.0 8.5 18.799999999999997 1. 0. 0. 0. 1. 0. 0. 0. 1.
BOX 2.0 4.0 18.0 -50.0 13.0 18.799999999999997 1. 0. 0. 0. 1. 0. 0. 0. 1.
BOX 2.0 4.0 18.0 -50.0 17.5 18.799999999999997 1. 0. 0. 0. 1. 0. 0. 0. 1.
BOX 2.0 4.0 18.0 -50.0 22.0 18.799999999999997 1. 0. 0. 0. 1. 0. 0. 0. 1.
BOX 2.0 4.0 18.0 -50.0 26.5 18.799999999999997 1. 0. 0. 0. 1. 0. 0. 0. 1.
BOX 2.0 4.0 18.0 -50.0 31.0 18.799999999999997 1. 0. 0. 0. 1. 0. 0. 0. 1.
BOX 2.0 4.0 18.0 -50.0 35.5 18.799999999999997 1. 0. 0. 0. 1. 0. 0. 0. 1.
BOX 2.0 4.0 18.0 -50.0 40.0 18.799999999999997 1. 0. 0. 0. 1. 0. 0. 0. 1.
BOX 2.0 4.0 18.0 -50.0 44.5 18.799999999999997 1. 0. 0. 0. 1. 0. 0. 0. 1.
BOX 2.0 4.0 18.0 -50.0 49.0 18.799999999999997 1. 0. 0. 0. 1. 0. 0. 0. 1.
BOX 2.0 4.0 18.0 -50.0 53.5 18.799999999999997 1. 0. 0. 0. 1. 0. 0. 0. 1.
BOX 2.0 4.0 18.0 -50.0 58.0 18.799999999999997 1. 0. 0. 0. 1. 0. 0. 0. 1.
BOX 2.0 4.0 18.0 -50.0 62.5 18.799999999999997 1. 0. 0. 0. 1. 0. 0. 0. 1.
BOX 2.0 4.0 18.0 -50.0 67.0 18.799999999999997 1. 0. 0. 0. 1. 0. 0. 0. 1.
BOX 2.0 4.0 18.0 -50.0 71.5 18.799999999999997 1. 0. 0. 0. 1. 0. 0. 0. 1.
BOX 2.0 4.0 18.0 -50.0 76.0 18.799999999999997 1. 0. 0. 0. 1. 0. 0. 0. 1.
BOX 2.0 4.0 18.0 -50.0 80.5 18.799999999999997 1. 0. 0. 0. 1. 0. 0. 0. 1.
