0 3186
0.0372668 3109.74
0.0745336 2889.87
0.1118 2551.65
0.149067 2132.75
0.186334 1677.37
0.223601 1229.68
0.260868 827.706
0.298135 498.602
0.335401 256.198
0.372668 100.909
0.409935 21.8611
0.447202 0.580733
0.484469 15.3907
0.521735 45.6096
0.559002 74.8039
0.596269 92.6247
0.633536 95.1156
0.670803 83.702
0.70807 63.3189
0.745336 40.2344
0.782603 20.1036
0.81987 6.63493
0.857137 1.04942
0.894404 2.29158
0.93167 7.78468
0.968937 14.428
1.0062 19.5328
1.04347 21.4644
1.08074 19.8782
1.118 15.5615
1.15527 9.99625
1.19254 4.81094
1.2298 1.28999
1.26707 0.0652299
1.30434 1.04199
1.34161 3.54028
1.37887 6.57504
1.41614 9.17433
1.45341 10.6406
1.49067 10.6921
1.52794 9.46559
1.56521 7.40384
1.60247 5.07881
1.63974 3.01253
1.67701 1.54579
1.71427 0.783572
1.75154 0.618347
1.78881 0.809811
1.82607 1.08702
1.86334 1.23838
1.90061 1.16478
1.93787 0.88676
1.97514 0.51206
2.01241 0.18092
2.04967 0.0103802
2.08694 0.0553758
2.12421 0.296275
2.16148 0.652585
2.19874 1.01444
2.23601 1.27925
2.27328 1.38127
2.31054 1.30608
2.34781 1.08772
2.38508 0.79208
2.42234 0.493718
2.45961 0.254036
2.49688 0.107034
2.53414 0.0554945
2.57141 0.0767862
2.60868 0.134736
2.64594 0.192893
2.68321 0.225
2.72048 0.220205
2.75774 0.182611
2.79501 0.126603
2.83228 0.0702842
2.86954 0.0294255
2.90681 0.0135676
2.94408 0.0248604
2.98135 0.0592495
