0 21456
0.01 20170.8
0.02 16679.8
0.03 11939.1
0.04 7142.23
0.05 3304.25
0.06 954.77
0.07 53.4062
0.08 133.249
0.09 579.193
0.1 901.703
0.11 890.631
0.12 607.857
0.13 259.517
0.14 37.1014
0.15 12.8
0.16 128.6
0.17 261.463
0.18 310.347
0.19 250.732
0.2 132.15
0.21 32.0125
0.22 2.0092
0.23 40.8507
0.24 104.999
0.25 143.779
0.26 132.573
0.27 83.474
0.28 30.4372
0.29 2.81038
0.3 6.57924
0.31 24.7829
0.32 34.1646
0.33 24.4115
0.34 5.96835
0.35 1.57141
0.36 28.3601
0.37 83.6271
0.38 144.226
0.39 180.018
0.4 172.316
0.41 125.251
0.42 63.0224
0.43 15.2591
0.44 0.0946809
0.45 15.3657
0.46 42.5721
0.47 59.9995
0.48 56.1021
0.49 34.968
0.5 11.4456
0.51 0.206827
0.52 6.3348
0.53 23.1951
0.54 38.0647
0.55 40.99
0.56 30.8013
0.57 14.7549
0.58 2.8108
0.59 0.917989
0.6 7.79886
0.61 16.8705
0.62 21.3406
0.63 18.6482
0.64 11.3575
0.65 4.41475
0.66 1.22955
0.67 1.5823
0.68 2.70504
0.69 2.37917
0.7 1.41637
0.71 3.45177
0.72 12.0863
0.73 27.4824
0.74 45.0353
0.75 57.3471
0.76 58.4147
0.77 47.3482
0.78 29.1565
0.79 12.0257
0.8 2.77789
0.81 3.31898
0.82 10.1656
0.83 17.1189
0.84 19.2009
0.85 15.3449
0.86 8.34626
0.87 2.45601
0.88 0.448165
0.89 2.10814
0.9 4.92478
0.91 6.2141
0.92 5.03803
0.93 2.61995
0.94 1.15085
0.95 2.02073
0.96 4.80891
0.97 7.68962
0.98 8.82257
0.99 7.61935
1 4.97039
1.01 2.38305
1.02 0.830193
1.03 0.292053
1.04 0.365666
1.05 1.39237
1.06 5.04035
1.07 13.6016
1.08 28.2285
1.09 47.2509
1.1 65.8903
1.11 77.9152
1.12 78.5407
1.13 66.9697
1.14 47.0549
1.15 25.5992
1.16 9.19209
1.17 1.31809
1.18 1.2633
1.19 5.24456
1.2 8.89767
1.21 9.58685
1.22 7.29542
1.23 3.85961
1.24 1.3226
1.25 0.58336
1.26 1.11942
1.27 1.73144
1.28 1.5909
1.29 0.792226
1.3 0.0946451
1.31 0.176967
1.32 1.04857
1.33 2.06399
1.34 2.47274
1.35 2.01773
1.36 1.09055
1.37 0.343565
1.38 0.122356
1.39 0.242637
1.4 0.354299
1.41 0.623154
1.42 2.12155
1.43 6.44658
1.44 14.6305
1.45 25.9978
1.46 37.8132
1.47 46.1652
1.48 47.7594
1.49 41.654
1.5 29.9002
1.51 16.6424
1.52 6.13584
1.53 0.782211
1.54 0.269088
1.55 2.22056
1.56 3.8675
1.57 3.68027
1.58 2.01479
1.59 0.502356
1.6 0.707629
1.61 2.98299
1.62 6.23457
1.63 8.66791
1.64 8.94712
1.65 6.98702
1.66 3.9055
1.67 1.24804
1.68 0.0507752
1.69 0.347115
1.7 1.36195
1.71 2.15832
1.72 2.23954
1.73 1.72072
1.74 1.04754
1.75 0.572844
1.76 0.360862
1.77 0.354173
1.78 0.708251
1.79 1.93698
1.8 4.65071
1.81 9.00519
1.82 14.2589
1.83 18.8336
1.84 20.9644
1.85 19.6184
1.86 15.1281
1.87 9.12219
1.88 3.74725
1.89 0.615276
1.9 0.0820854
1.91 1.25465
1.92 2.67522
1.93 3.22849
1.94 2.71735
1.95 1.80229
1.96 1.41845
1.97 2.09593
1.98 3.62226
1.99 5.21924
