0.01 18421.4
0.02 11296.6
0.03 4321.89
0.04 580.69
0.05 85.0937
0.06 788.196
0.07 965.683
0.08 462.973
0.09 33.4616
0.1 81.9325
0.11 310.143
0.12 314.621
0.13 115.595
0.14 0.266345
0.15 74.5917
0.16 170.252
0.17 134.65
0.18 31.0805
0.19 4.39286
0.2 65.3304
0.21 102.365
0.22 59.793
0.23 5.50139
0.24 14.1723
0.25 60.315
0.26 69.3332
0.27 29.9731
0.28 0.457987
0.29 15.7863
0.3 42.0972
0.31 35.9414
0.32 8.64649
0.33 2.43244
0.34 24.293
0.35 38.9925
0.36 24.7412
0.37 3.63641
0.38 5.25311
0.39 23.2476
0.4 28.4957
0.41 13.5667
0.42 0.818275
0.43 6.60945
0.44 18.5155
0.45 17.078
0.46 5.22381
0.47 1.40765
0.48 10.5047
0.49 17.6991
0.5 12.0657
0.51 2.11582
0.52 1.30372
0.53 8.03207
0.54 10.159
0.55 4.50037
0.56 0.572327
0.57 4.65723
0.58 10.302
0.59 9.12483
0.6 3.68204
0.61 2.59953
0.62 6.94147
0.63 9.42499
0.64 6.4809
0.65 3.26235
0.66 4.33834
0.67 6.13372
0.68 3.64602
0.69 0.105945
0.7 2.93805
0.71 11.4205
0.72 15.7336
0.73 10.3062
0.74 2.01567
0.75 0.720084
0.76 5.79732
0.77 8.17407
0.78 4.12611
0.79 0.117243
0.8 2.24106
0.81 6.95738
0.82 6.9372
0.83 2.44184
0.84 0.76122
0.85 4.98799
0.86 9.41127
0.87 8.1256
0.88 3.39855
0.89 1.51978
0.9 3.33123
0.91 4.02194
0.92 1.60641
0.93 0.196938
0.94 3.0715
0.95 6.87575
0.96 6.35157
0.97 2.26602
0.98 0.190673
0.99 2.12501
1 3.9697
1.01 2.42574
1.02 0.135093
1.03 1.02063
1.04 3.61568
1.05 3.42331
1.06 0.702884
1.07 0.840072
1.08 5.84805
1.09 10.1271
1.1 7.96397
1.11 2.12049
1.12 0.281078
1.13 4.08646
1.14 7.02199
1.15 4.42031
1.16 0.487482
1.17 1.64248
1.18 6.37939
1.19 7.42004
1.2 3.10713
1.21 0.343927
1.22 3.9782
1.23 8.79766
1.24 7.18415
1.25 1.37928
1.26 0.940667
1.27 7.92311
1.28 12.4844
1.29 7.6203
1.3 1.77448
1.31 7.81467
1.32 21.4291
1.33 22.7605
1.34 6.89705
1.35 4.93227
1.36 59.7718
1.37 174.886
1.38 294.129
1.39 342.42
1.4 289.954
1.41 175.472
1.42 68.2801
1.43 11.4197
1.44 0.114981
1.45 5.07576
1.46 6.02802
1.47 2.24809
1.48 0.458629
1.49 2.1521
1.5 3.59869
1.51 2.53702
1.52 0.603251
1.53 0.050957
1.54 0.826905
1.55 1.43494
1.56 1.16375
1.57 0.521434
1.58 0.125862
1.59 0.0566796
1.6 0.209599
1.61 0.645257
1.62 1.36955
1.63 2.0751
1.64 2.35631
1.65 2.12998
1.66 1.72266
1.67 1.53821
1.68 1.67078
1.69 1.83366
1.7 1.66431
1.71 1.11607
1.72 0.527105
1.73 0.263032
1.74 0.328342
1.75 0.413657
1.76 0.305901
1.77 0.122078
1.78 0.0970285
1.79 0.274719
1.8 0.518908
1.81 0.730687
1.82 0.899328
1.83 0.985228
1.84 0.941071
1.85 0.869895
1.86 0.964053
1.87 1.18847
1.88 1.20877
1.89 0.827259
1.9 0.371646
1.91 0.3761
1.92 0.863108
1.93 1.22142
1.94 0.949
1.95 0.314619
1.96 0.0420004
1.97 0.424733
1.98 1.01726
1.99 1.22338
2 0.943782
2.01 0.523064
2.02 0.25284
2.03 0.13631
2.04 0.0675261
2.05 0.0385282
2.06 0.146636
2.07 0.509037
2.08 1.14736
2.09 1.82577
2.1 2.06037
2.11 1.54207
2.12 0.616794
2.13 0.0770124
2.14 0.279866
2.15 0.695539
2.16 0.632311
2.17 0.234656
2.18 0.28393
2.19 0.981268
2.2 1.50459
2.21 1.1302
2.22 0.330125
2.23 0.119334
2.24 0.531808
2.25 0.606888
2.26 0.102802
2.27 0.325384
2.28 2.43868
2.29 5.40064
2.3 6.66791
2.31 5.11834
2.32 2.35574
2.33 0.632722
2.34 0.300275
2.35 0.204135
2.36 0.0232458
2.37 0.769646
2.38 2.71935
2.39 4.2511
2.4 3.83966
2.41 2.44087
2.42 2.44538
2.43 4.30891
2.44 5.67893
2.45 4.49399
2.46 1.76726
2.47 0.138111
2.48 0.389373
2.49 0.946333
2.5 0.725821
2.51 0.703357
2.52 1.85337
2.53 3.05225
2.54 2.66838
2.55 1.4581
2.56 1.77276
2.57 3.72962
2.58 4.42835
2.59 2.28633
2.6 0.274988
2.61 2.3219
2.62 7.18744
2.63 9.10408
2.64 5.49404
2.65 1.05979
2.66 1.49139
2.67 5.12212
2.68 5.2735
2.69 1.16877
2.7 1.15024
2.71 10.8188
2.72 21.4325
2.73 18.2673
2.74 3.6839
2.75 5.53938
2.76 53.1633
2.77 141.758
2.78 225.38
2.79 251.503
2.8 205.157
2.81 119.368
2.82 44.0258
2.83 6.53585
2.84 0.360946
2.85 4.01584
2.86 4.23037
2.87 1.38681
2.88 0.00689976
2.89 0.613384
2.9 0.895552
2.91 0.288638
2.92 0.376889
2.93 1.8139
2.94 3.14307
2.95 2.94632
2.96 1.71713
2.97 0.878583
2.98 0.793506
2.99 0.682144
