0.01 21455.3
0.02 21453.1
0.03 21449.6
0.04 21444.6
0.05 21438.1
0.06 21430.3
0.07 21421
0.08 21410.3
0.09 21398.2
0.1 21384.7
0.11 21369.7
0.12 21353.3
0.13 21335.6
0.14 21316.4
0.15 21295.8
0.16 21273.8
0.17 21250.4
0.18 21225.6
0.19 21199.4
0.2 21171.8
0.21 21142.9
0.22 21112.5
0.23 21080.8
0.24 21047.7
0.25 21013.3
0.26 20977.5
0.27 20940.3
0.28 20901.8
0.29 20862
0.3 20820.8
0.31 20778.3
0.32 20734.5
0.33 20689.4
0.34 20642.9
0.35 20595.2
0.36 20546.1
0.37 20495.8
0.38 20444.2
0.39 20391.4
0.4 20337.2
0.41 20281.9
0.42 20225.3
0.43 20167.4
0.44 20108.3
0.45 20048
0.46 19986.5
0.47 19923.9
0.48 19860
0.49 19794.9
0.5 19728.7
0.51 19661.3
0.52 19592.8
0.53 19523.1
0.54 19452.4
0.55 19380.5
0.56 19307.5
0.57 19233.4
0.58 19158.2
0.59 19082
0.6 19004.7
0.61 18926.4
0.62 18847
0.63 18766.6
0.64 18685.3
0.65 18602.9
0.66 18519.5
0.67 18435.2
0.68 18349.9
0.69 18263.6
0.7 18176.5
0.71 18088.4
0.72 17999.4
0.73 17909.6
0.74 17818.8
0.75 17727.2
0.76 17634.7
0.77 17541.4
0.78 17447.3
0.79 17352.4
0.8 17256.7
0.81 17160.2
0.82 17063
0.83 16965
0.84 16866.2
0.85 16766.8
0.86 16666.6
0.87 16565.8
0.88 16464.2
0.89 16362
0.9 16259.2
0.91 16155.8
0.92 16051.7
0.93 15947
0.94 15841.8
0.95 15735.9
0.96 15629.6
0.97 15522.6
0.98 15415.2
0.99 15307.3
1 15198.8
1.01 15089.9
1.02 14980.5
1.03 14870.7
1.04 14760.5
1.05 14649.8
1.06 14538.8
1.07 14427.4
1.08 14315.6
1.09 14203.4
1.1 14090.9
1.11 13978.1
1.12 13865
1.13 13751.6
1.14 13638
1.15 13524.1
1.16 13409.9
1.17 13295.5
1.18 13181
1.19 13066.2
1.2 12951.2
1.21 12836.1
1.22 12720.9
1.23 12605.5
1.24 12490
1.25 12374.4
1.26 12258.7
1.27 12142.9
1.28 12027.1
1.29 11911.3
1.3 11795.4
1.31 11679.6
1.32 11563.7
1.33 11447.9
1.34 11332.1
1.35 11216.3
1.36 11100.6
1.37 10985
1.38 10869.6
1.39 10754.2
1.4 10638.9
1.41 10523.8
1.42 10408.8
1.43 10294.1
1.44 10179.5
1.45 10065
1.46 9950.86
1.47 9836.89
1.48 9723.17
1.49 9609.7
1.5 9496.49
1.51 9383.57
1.52 9270.94
1.53 9158.62
1.54 9046.62
1.55 8934.96
1.56 8823.64
1.57 8712.68
1.58 8602.1
1.59 8491.89
1.6 8382.09
1.61 8272.7
1.62 8163.72
1.63 8055.18
1.64 7947.09
1.65 7839.45
1.66 7732.29
1.67 7625.6
1.68 7519.4
1.69 7413.71
1.7 7308.53
1.71 7203.88
1.72 7099.76
1.73 6996.18
1.74 6893.17
1.75 6790.72
1.76 6688.84
1.77 6587.56
1.78 6486.87
1.79 6386.78
1.8 6287.32
1.81 6188.47
1.82 6090.26
1.83 5992.7
1.84 5895.78
1.85 5799.53
1.86 5703.94
1.87 5609.03
1.88 5514.81
1.89 5421.28
1.9 5328.45
1.91 5236.33
1.92 5144.92
1.93 5054.24
1.94 4964.29
1.95 4875.08
1.96 4786.61
1.97 4698.89
1.98 4611.92
1.99 4525.72
2 4440.29
2.01 4355.64
2.02 4271.76
2.03 4188.67
2.04 4106.38
2.05 4024.88
2.06 3944.18
2.07 3864.28
2.08 3785.2
2.09 3706.93
2.1 3629.49
2.11 3552.86
2.12 3477.06
2.13 3402.1
2.14 3327.96
2.15 3254.67
2.16 3182.22
2.17 3110.61
2.18 3039.84
2.19 2969.93
2.2 2900.86
2.21 2832.65
2.22 2765.3
2.23 2698.81
2.24 2633.17
2.25 2568.39
2.26 2504.48
2.27 2441.43
2.28 2379.24
2.29 2317.92
2.3 2257.47
2.31 2197.88
2.32 2139.16
2.33 2081.3
2.34 2024.32
2.35 1968.19
2.36 1912.94
2.37 1858.55
2.38 1805.02
2.39 1752.36
2.4 1700.56
2.41 1649.63
2.42 1599.55
2.43 1550.33
2.44 1501.97
2.45 1454.47
2.46 1407.82
2.47 1362.02
2.48 1317.07
2.49 1272.96
2.5 1229.7
2.51 1187.28
2.52 1145.7
2.53 1104.96
2.54 1065.04
2.55 1025.96
2.56 987.699
2.57 950.261
2.58 913.641
2.59 877.835
2.6 842.839
2.61 808.649
2.62 775.26
2.63 742.669
2.64 710.87
2.65 679.859
2.66 649.632
2.67 620.183
2.68 591.507
2.69 563.599
2.7 536.454
2.71 510.066
2.72 484.431
2.73 459.542
2.74 435.394
2.75 411.98
2.76 389.296
2.77 367.334
2.78 346.09
2.79 325.556
2.8 305.726
2.81 286.594
2.82 268.154
2.83 250.399
2.84 233.321
2.85 216.915
2.86 201.174
2.87 186.09
2.88 171.657
2.89 157.868
2.9 144.715
2.91 132.191
2.92 120.289
2.93 109.002
2.94 98.3214
2.95 88.2408
2.96 78.7522
2.97 69.8481
2.98 61.5208
2.99 53.7626
3 46.5656
3.01 39.9222
3.02 33.8244
3.03 28.2642
3.04 23.2338
3.05 18.7251
3.06 14.7301
3.07 11.2407
3.08 8.24883
3.09 5.74631
3.1 3.72497
3.11 2.17661
3.12 1.09301
3.13 0.465912
3.14 0.28705
3.15 0.548131
3.16 1.24085
3.17 2.35688
3.18 3.88788
3.19 5.82552
3.2 8.16144
3.21 10.8873
3.22 13.9947
3.23 17.4752
3.24 21.3206
3.25 25.5225
3.26 30.0725
3.27 34.9622
3.28 40.1833
3.29 45.7274
3.3 51.5863
3.31 57.7517
3.32 64.2152
3.33 70.9686
3.34 78.0035
3.35 85.3119
3.36 92.8855
3.37 100.716
3.38 108.795
3.39 117.116
3.4 125.668
3.41 134.446
3.42 143.44
3.43 152.642
3.44 162.045
3.45 171.641
3.46 181.422
3.47 191.379
3.48 201.506
3.49 211.795
3.5 222.237
3.51 232.825
3.52 243.553
3.53 254.411
3.54 265.393
3.55 276.491
3.56 287.698
3.57 299.007
3.58 310.41
3.59 321.9
3.6 333.47
3.61 345.113
3.62 356.823
3.63 368.591
3.64 380.412
3.65 392.278
3.66 404.183
3.67 416.121
3.68 428.084
3.69 440.066
3.7 452.061
3.71 464.063
3.72 476.064
3.73 488.06
3.74 500.044
3.75 512.01
3.76 523.952
3.77 535.864
3.78 547.74
3.79 559.575
3.8 571.364
3.81 583.1
3.82 594.779
3.83 606.394
3.84 617.941
3.85 629.415
3.86 640.81
3.87 652.122
3.88 663.346
3.89 674.476
3.9 685.509
3.91 696.439
3.92 707.263
3.93 717.975
3.94 728.572
3.95 739.049
3.96 749.402
3.97 759.626
3.98 769.719
3.99 779.677
4 789.494
4.01 799.169
4.02 808.697
4.03 818.075
4.04 827.299
4.05 836.366
4.06 845.274
4.07 854.019
4.08 862.597
4.09 871.007
4.1 879.245
4.11 887.309
4.12 895.196
4.13 902.904
4.14 910.43
4.15 917.772
4.16 924.927
4.17 931.895
4.18 938.671
4.19 945.256
4.2 951.647
4.21 957.841
4.22 963.839
4.23 969.637
4.24 975.235
4.25 980.631
4.26 985.825
4.27 990.814
4.28 995.598
4.29 1000.18
4.3 1004.55
4.31 1008.71
4.32 1012.66
4.33 1016.41
4.34 1019.94
4.35 1023.27
4.36 1026.38
4.37 1029.28
4.38 1031.98
4.39 1034.46
4.4 1036.73
4.41 1038.79
4.42 1040.64
4.43 1042.27
4.44 1043.7
4.45 1044.92
4.46 1045.92
4.47 1046.72
4.48 1047.31
4.49 1047.7
4.5 1047.87
4.51 1047.84
4.52 1047.6
4.53 1047.16
4.54 1046.52
4.55 1045.68
4.56 1044.63
4.57 1043.39
4.58 1041.94
4.59 1040.3
4.6 1038.47
4.61 1036.44
4.62 1034.22
4.63 1031.81
4.64 1029.21
4.65 1026.42
4.66 1023.45
4.67 1020.29
4.68 1016.96
4.69 1013.44
4.7 1009.75
4.71 1005.88
4.72 1001.84
4.73 997.625
4.74 993.245
4.75 988.699
4.76 983.988
4.77 979.117
4.78 974.086
4.79 968.899
4.8 963.558
4.81 958.066
4.82 952.424
4.83 946.637
4.84 940.706
4.85 934.635
4.86 928.426
4.87 922.081
4.88 915.604
4.89 908.997
4.9 902.264
4.91 895.407
4.92 888.429
4.93 881.334
4.94 874.123
4.95 866.8
4.96 859.369
4.97 851.832
4.98 844.191
4.99 836.452
