0 3186
0.0370307 3173.25
0.0740615 3135.24
0.111092 3072.69
0.148123 2986.77
0.185154 2879.08
0.222184 2751.6
0.259215 2606.67
0.296246 2446.9
0.333277 2275.11
0.370307 2094.31
0.407338 1907.57
0.444369 1717.96
0.4814 1528.52
0.51843 1342.15
0.555461 1161.56
0.592492 989.245
0.629523 827.373
0.666553 677.8
0.703584 542.019
0.740615 421.14
0.777646 315.883
0.814676 226.581
0.851707 153.186
0.888738 95.295
0.925769 52.1764
0.962799 22.8082
0.99983 5.92109
1.03686 0.0463312
1.07389 3.56716
1.11092 14.7718
1.14795 31.9066
1.18498 53.2275
1.22201 77.0492
1.25905 101.789
1.29608 126.007
1.33311 148.438
1.37014 168.018
1.40717 183.902
1.4442 195.476
1.48123 202.358
1.51826 204.398
1.55529 201.66
1.59232 194.411
1.62935 183.094
1.66638 168.303
1.70341 150.75
1.74044 131.235
1.77748 110.609
1.81451 89.7424
1.85154 69.4907
1.88857 50.6653
1.9256 34.0053
1.96263 20.1539
1.99966 9.63947
2.03669 2.8609
2.07372 0.0785422
2.11075 1.40997
2.14778 6.83088
2.18481 16.1807
2.22184 29.1728
2.25888 45.4079
2.29591 64.3913
2.33294 85.5525
2.36997 108.266
2.407 131.872
2.44403 155.702
2.48106 179.096
2.51809 201.427
2.55512 222.113
2.59215 240.641
2.62918 256.572
2.66621 269.556
2.70324 279.338
2.74027 285.756
2.77731 288.751
2.81434 288.351
2.85137 284.679
2.8884 277.931
2.92543 268.376
2.96246 256.34
2.99949 242.19
